function t=getTimeSeries()

t=[9.25*3600:0.5:11.5*3600, 13*3600:0.5:15.25*3600];